1
root
512
0
0
-1
-1
-1
5
-1
-1
-1
-1
-1
-1
-1
3
ls.xsm
370
0
-1
-1
-1
-1
69
-1
-1
-1
-1
-1
-1
-1
2
data.dat
17
1
1
-1
-1
-1
70
-1
-1
-1
-1
-1
-1
-1
3
touch.xsm
310
0
-1
-1
-1
-1
71
-1
-1
-1
-1
-1
-1
-1
2
numbers.dat
2047
1
1
-1
-1
-1
72
73
74
75
-1
-1
-1
-1
3
write.xsm
706
0
-1
-1
-1
-1
76
81
-1
-1
-1
-1
-1
-1
3
rm.xsm
304
0
-1
-1
-1
-1
77
-1
-1
-1
-1
-1
-1
-1
3
cat.xsm
342
0
-1
-1
-1
-1
78
-1
-1
-1
-1
-1
-1
-1
3
test.xsm
686
0
-1
-1
-1
-1
79
80
-1
-1
-1
-1
-1
-1
3
a2.xsm
616
0
-1
-1
-1
-1
82
83
-1
-1
-1
-1
-1
-1
3
a3.xsm
1014
0
-1
-1
-1
-1
84
85
-1
-1
-1
-1
-1
-1
3
a4.xsm
2046
0
-1
-1
-1
-1
86
87
88
89
-1
-1
-1
-1
3
cp.xsm
740
0
-1
-1
-1
-1
90
91
-1
-1
-1
-1
-1
-1
3
even.xsm
170
0
-1
-1
-1
-1
92
-1
-1
-1
-1
-1
-1
-1
3
lu.xsm
240
0
-1
-1
-1
-1
93
-1
-1
-1
-1
-1
-1
-1
3
help.xsm
434
0
-1
-1
-1
-1
94
-1
-1
-1
-1
-1
-1
-1
3
ru.xsm
728
0
-1
-1
-1
-1
95
96
-1
-1
-1
-1
-1
-1
3
s27a2.xsm
370
0
-1
-1
-1
-1
97
-1
-1
-1
-1
-1
-1
-1
3
pgm.xsm
924
0
-1
-1
-1
-1
98
99
-1
-1
-1
-1
-1
-1
3
s27a3.xsm
584
0
-1
-1
-1
-1
100
101
-1
-1
-1
-1
-1
-1
3
pid.xsm
166
0
-1
-1
-1
-1
102
-1
-1
-1
-1
-1
-1
-1
3
s27a1.xsm
178
0
-1
-1
-1
-1
103
-1
-1
-1
-1
-1
-1
-1
-1
-1
0
-1
-1
-1
-1
-1
-1
-1
-1
-1
-1
-1
-1
-1
-1
-1
0
-1
-1
-1
-1
-1
-1
-1
-1
-1
-1
-1
-1
-1
-1
-1
0
-1
-1
-1
-1
-1
-1
-1
-1
-1
-1
-1
-1
-1
-1
-1
0
-1
-1
-1
-1
-1
-1
-1
-1
-1
-1
-1
-1
-1
-1
-1
0
-1
-1
-1
-1
-1
-1
-1
-1
-1
-1
-1
-1
-1
-1
-1
0
-1
-1
-1
-1
-1
-1
-1
-1
-1
-1
-1
-1
-1
-1
-1
0
-1
-1
-1
-1
-1
-1
-1
-1
-1
-1
-1
-1
-1
-1
-1
0
-1
-1
-1
-1
-1
-1
-1
-1
-1
-1
-1
-1
-1
-1
-1
0
-1
-1
-1
-1
-1
-1
-1
-1
-1
-1
-1
-1
-1
-1
-1
0
-1
-1
-1
-1
-1
-1
-1
-1
-1
-1
-1
-1
-1
-1
-1
0
-1
-1
-1
-1
-1
-1
-1
-1
-1
-1
-1
-1
-1
-1
-1
0
-1
-1
-1
-1
-1
-1
-1
-1
-1
-1
-1
-1
-1
-1
-1
0
-1
-1
-1
-1
-1
-1
-1
-1
-1
-1
-1
-1
-1
-1
-1
0
-1
-1
-1
-1
-1
-1
-1
-1
-1
-1
-1
-1
-1
-1
-1
0
-1
-1
-1
-1
-1
-1
-1
-1
-1
-1
-1
-1
-1
-1
-1
0
-1
-1
-1
-1
-1
-1
-1
-1
-1
-1
-1
-1
-1
-1
-1
0
-1
-1
-1
-1
-1
-1
-1
-1
-1
-1
-1
-1
-1
-1
-1
0
-1
-1
-1
-1
-1
-1
-1
-1
-1
-1
-1
-1
-1
-1
-1
0
-1
-1
-1
-1
-1
-1
-1
-1
-1
-1
-1
-1
-1
-1
-1
0
-1
-1
-1
-1
-1
-1
-1
-1
-1
-1
-1
-1
-1
-1
-1
0
-1
-1
-1
-1
-1
-1
-1
-1
-1
-1
-1
-1
-1
-1
-1
0
-1
-1
-1
-1
-1
-1
-1
-1
-1
-1
-1
-1
-1
-1
-1
0
-1
-1
-1
-1
-1
-1
-1
-1
-1
-1
-1
-1
-1
-1
-1
0
-1
-1
-1
-1
-1
-1
-1
-1
-1
-1
-1
-1
-1
-1
-1
0
-1
-1
-1
-1
-1
-1
-1
-1
-1
-1
-1
-1
-1
-1
-1
0
-1
-1
-1
-1
-1
-1
-1
-1
-1
-1
-1
-1
-1
-1
-1
0
-1
-1
-1
-1
-1
-1
-1
-1
-1
-1
-1
-1
-1
-1
-1
0
-1
-1
-1
-1
-1
-1
-1
-1
-1
-1
-1
-1
-1
-1
-1
0
-1
-1
-1
-1
-1
-1
-1
-1
-1
-1
-1
-1
-1
-1
-1
0
-1
-1
-1
-1
-1
-1
-1
-1
-1
-1
-1
-1
-1
-1
-1
0
-1
-1
-1
-1
-1
-1
-1
-1
-1
-1
-1
-1
-1
-1
-1
0
-1
-1
-1
-1
-1
-1
-1
-1
-1
-1
-1
-1
-1
-1
-1
0
-1
-1
-1
-1
-1
-1
-1
-1
-1
-1
-1
-1
-1
-1
-1
0
-1
-1
-1
-1
-1
-1
-1
-1
-1
-1
-1
-1
-1
-1
-1
0
-1
-1
-1
-1
-1
-1
-1
-1
-1
-1
-1
-1
-1
-1
-1
0
-1
-1
-1
-1
-1
-1
-1
-1
-1
-1
-1
-1
-1
-1
-1
0
-1
-1
-1
-1
-1
-1
-1
-1
-1
-1
-1
-1
-1
-1
-1
0
-1
-1
-1
-1
-1
-1
-1
-1
-1
-1
-1
-1
-1
kernel
-1
root
452
sharan
221
sash
150
-1
-1
-1
-1
-1
-1
-1
-1
-1
-1
-1
-1
-1
-1
-1
-1
-1
-1
-1
-1
-1
-1
-1
-1
-1
-1
-1
-1
-1
-1
-1
-1
-1
-1
-1
-1
-1
-1
-1
-1
-1
-1
-1
-1
-1
-1
-1
-1
-1
-1
-1
-1
-1
-1
-1
-4
