root
512
1
-1
-1
-1
-1
-1
ls.xsm
370
3
-1
-1
-1
-1
-1
data.dat
17
2
-1
-1
-1
-1
-1
touch.xsm
310
3
-1
-1
-1
-1
-1
numbers.dat
2047
2
-1
-1
-1
-1
-1
write.xsm
706
3
-1
-1
-1
-1
-1
rm.xsm
304
3
-1
-1
-1
-1
-1
cat.xsm
342
3
-1
-1
-1
-1
-1
test.xsm
686
3
-1
-1
-1
-1
-1
a2.xsm
616
3
-1
-1
-1
-1
-1
a3.xsm
1014
3
-1
-1
-1
-1
-1
a4.xsm
2046
3
-1
-1
-1
-1
-1
cp.xsm
740
3
-1
-1
-1
-1
-1
even.xsm
170
3
-1
-1
-1
-1
-1
lu.xsm
240
3
-1
-1
-1
-1
-1
help.xsm
434
3
-1
-1
-1
-1
-1
ru.xsm
728
3
-1
-1
-1
-1
-1
s27a2.xsm
370
3
sharan
1
-1
-1
-1
pgm.xsm
924
3
-1
-1
-1
-1
-1
s27a3.xsm
584
3
-1
-1
-1
-1
-1
pid.xsm
166
3
-1
-1
-1
-1
-1
s27a1.xsm
178
3
-1
-1
-1
-1
-1
-1
0
-1
-1
-1
-1
-1
-1
-1
0
-1
-1
-1
-1
-1
-1
-1
0
-1
-1
-1
-1
-1
-1
-1
0
-1
-1
-1
-1
-1
-1
-1
0
-1
-1
-1
-1
-1
-1
-1
0
-1
-1
-1
-1
-1
-1
-1
0
-1
-1
-1
-1
-1
-1
-1
0
-1
-1
-1
-1
-1
-1
-1
0
-1
-1
-1
-1
-1
-1
-1
0
-1
-1
-1
-1
-1
-1
-1
0
-1
-1
-1
-1
-1
-1
-1
0
-1
-1
-1
-1
-1
-1
-1
0
-1
-1
-1
-1
-1
-1
-1
0
-1
-1
-1
-1
-1
-1
-1
0
-1
-1
-1
-1
-1
-1
-1
0
-1
-1
-1
-1
-1
-1
-1
0
-1
-1
-1
-1
-1
-1
-1
0
-1
-1
-1
-1
-1
-1
-1
0
-1
-1
-1
-1
-1
-1
-1
0
-1
-1
-1
-1
-1
-1
-1
0
-1
-1
-1
-1
-1
-1
-1
0
-1
-1
-1
-1
-1
-1
-1
0
-1
-1
-1
-1
-1
-1
-1
0
-1
-1
-1
-1
-1
-1
-1
0
-1
-1
-1
-1
-1
-1
-1
0
-1
-1
-1
-1
-1
-1
-1
0
-1
-1
-1
-1
-1
-1
-1
0
-1
-1
-1
-1
-1
-1
-1
0
-1
-1
-1
-1
-1
-1
-1
0
-1
-1
-1
-1
-1
-1
-1
0
-1
-1
-1
-1
-1
-1
-1
0
-1
-1
-1
-1
-1
-1
-1
0
-1
-1
-1
-1
-1
-1
-1
0
-1
-1
-1
-1
-1
-1
-1
0
-1
-1
-1
-1
-1
-1
-1
0
-1
-1
-1
-1
-1
-1
-1
0
-1
-1
-1
-1
-1
-1
-1
0
-1
-1
-1
-1
-1
-1
-1
0
-1
-1
-1
-1
-1
-1
-1
0
-1
-1
-1
-1
-1
-1
-1
0
-1
-1
-1
-1
-1
-1
-1
0
-1
-1
-1
-1
-1
-1
